503,62
503,61
503,40
25,24
503,60
2,5
2,4
2,2
1,7
1,5
1,4
1,2
0,509
0,506
0,502
0,501
0,496
0,489
0,487
0,482
0,474
0,472
0,464
0,463
0,460
0,458
0,457
0,456
0,454
0,451
0,447
0,443
0,420
0,411
0,383
0,376
0,374
0,369
0,368
0,367
0,366
0,365
0,364
0,362
0,360
0,354
0,353
0,352
0,351
0,348
0,346
0,345
0,343
0,339
0,337
0,336
0,332
0,331
0,327
0,326
0,325
0,324
0,322
0,243
503,59
503,1
503,3
0,328
0,379
503,0
0,341
143,1
143,3
0,448
0,449
143,0
2,71
2,32
63,1
63,3
0,445
0,375
63,0
1,8
2,12
1,1
1,6
1,3
1,0
2,1
2,79
2,3
2,0
0,340
0,9
0,310
0,305
0,477
0,468
0,510
0,483
0,459
0,455
0,450
0,446
0,431
0,438
0,440
0,453
0,405
0,436
0,480
0,462
0,461
0,342
0,308
0,304
0,303
0,302
0,307
0,444
0,12
0,373
0,10
0,452
0,8
0,0
0,503
0,300
0,491
0,299
0,406
0,298
0,435
0,297
0,428
0,296
0,424
0,295
0,412
0,294
0,329
0,293
0,507
0,292
0,389
0,291
0,500
0,290
0,361
0,289
0,388
0,288
0,414
0,287
0,370
0,286
0,425
0,285
0,433
0,284
0,434
0,283
0,422
0,282
0,467
0,281
0,387
0,280
0,393
0,279
0,413
0,278
0,399
0,277
0,476
0,276
0,356
2,6
2,7
2,9
2,10
2,13
2,14
2,16
2,18
2,19
2,21
2,22
2,24
2,26
2,27
2,29
2,30
2,33
2,34
2,64
2,66
2,67
2,69
2,70
2,73
2,75
2,76
2,78
2,80
2,82
2,83
2,85
2,87
2,88
2,90
2,91
2,93
2,95
2,96
2,98
2,99
2,101
2,102
2,104
2,106
2,107
2,109
2,110
2,112
2,114
2,115
2,117
2,118
2,120
2,122
2,123
2,125
2,126
2,128
2,129
3,0
3,2
3,3
3,5
3,6
4,1
4,3
24,0
24,2
24,3
24,5
24,6
24,8
25,0
25,1
25,3
25,4
25,6
25,8
25,9
25,11
25,12
25,14
25,15
25,17
25,19
25,20
25,22
25,23
26,1
26,3
26,4
26,6
26,7
26,9
26,11
26,12
26,14
26,15
26,17
26,18
26,20
27,0
27,1
27,3
27,4
27,6
27,8
27,9
27,11
27,12
27,14
27,15
27,17
27,19
27,20
27,22
27,23
27,25
28,1
28,2
28,4
28,5
28,7
28,8
29,1
29,3
29,4
30,1
30,2
30,4
30,6
31,0
31,2
31,3
32,0
32,1
32,3
32,5
32,6
32,8
33,0
33,2
33,4
33,5
33,7
34,0
34,2
34,4
34,5
35,0
35,1
35,3
35,4
35,6
36,0
36,1
36,3
36,4
36,6
36,8
36,9
37,1
37,2
37,4
37,5
38,1
38,3
38,4
39,1
39,2
39,4
40,1
40,2
40,4
40,5
41,1
41,2
41,4
42,0
42,1
42,3
42,4
43,0
43,2
43,3
43,5
43,6
43,8
43,10
43,11
43,13
43,14
44,0
44,1
44,3
45,0
45,1
45,3
45,4
45,6
45,8
46,0
46,2
46,3
47,1
47,2
47,4
48,1
48,2
48,4
48,5
49,0
49,2
49,3
49,5
49,6
50,0
50,1
50,3
50,5
50,6
51,1
51,2
51,4
51,6
51,7
52,1
52,2
52,4
52,5
53,1
53,3
53,4
54,0
54,1
54,3
54,5
54,6
55,1
55,2
55,4
56,0
56,1
56,3
56,4
56,6
57,0
57,2
57,4
57,5
58,0
58,1
58,3
58,5
58,6
59,1
59,2
59,4
60,0
60,2
60,4
61,0
61,2
61,3
61,5
61,7
61,8
62,1
62,2
62,4
62,5
62,7
62,9
62,10
62,12
62,13
62,15
62,17
62,18
63,4
63,5
64,1
64,3
64,4
64,6
65,0
65,2
65,3
66,0
66,2
66,3
66,5
67,0
67,2
67,4
67,5
67,7
67,8
68,0
68,1
68,3
68,5
68,6
69,1
69,2
69,4
69,6
70,0
70,2
70,3
70,5
70,6
71,1
71,3
71,4
71,6
71,7
72,1
72,3
72,4
72,6
72,7
73,1
73,3
73,4
73,6
73,7
74,1
74,2
74,4
74,6
74,7
74,9
74,10
75,1
75,3
75,4
76,0
76,1
76,3
76,4
76,6
77,1
77,2
78,0
78,1
78,3
78,5
78,6
78,8
78,9
78,11
79,0
79,2
79,4
79,5
80,0
80,1
80,3
80,5
80,6
81,1
81,2
81,4
81,5
82,0
82,2
82,3
82,5
82,6
83,1
83,3
83,4
83,6
83,7
83,9
84,0
84,1
84,3
84,4
84,6
84,7
84,9
84,11
84,12
84,14
84,15
84,17
84,19
84,20
84,22
84,23
84,25
84,26
84,28
84,30
84,31
84,33
84,34
84,36
84,38
84,39
84,41
85,0
85,2
85,3
85,5
86,0
86,1
86,3
86,4
87,0
87,2
87,3
88,1
88,2
89,0
89,2
89,3
90,0
90,1
90,3
90,4
90,6
91,0
91,1
91,3
91,4
91,6
92,0
92,1
92,3
92,4
92,6
93,0
93,2
93,4
93,5
94,1
94,2
94,4
94,6
95,0
95,2
95,3
95,5
95,6
96,1
96,3
96,4
97,1
97,2
97,4
98,1
98,2
98,4
99,0
99,2
99,3
99,5
99,7
100,0
100,2
100,3
100,5
101,0
101,1
101,3
101,4
102,1
102,3
102,4
103,1
103,2
103,4
104,0
104,2
104,4
105,0
105,2
105,3
106,1
106,3
106,4
107,0
107,1
107,3
107,4
108,1
108,3
108,4
109,1
109,2
109,4
110,1
110,2
111,0
111,1
111,3
112,0
112,2
112,4
113,0
113,2
113,3
114,0
114,2
114,3
114,5
114,6
115,1
115,3
115,4
116,1
116,2
116,4
117,0
117,2
117,4
118,0
118,2
118,3
118,5
119,1
119,2
119,4
119,5
119,7
120,0
120,2
120,4
120,5
121,0
121,1
121,3
121,5
122,0
122,2
122,3
122,5
122,6
122,8
122,10
122,11
123,0
123,1
123,3
123,5
123,6
123,8
123,9
124,1
124,2
124,4
124,6
124,7
124,9
125,0
125,2
125,4
125,5
125,7
125,8
126,0
126,2
126,3
126,5
126,6
126,8
126,9
126,11
127,1
127,2
127,4
127,5
127,7
127,9
127,10
127,12
128,0
128,2
128,3
129,0
129,2
129,3
129,5
129,6
130,0
130,2
130,3
131,1
131,2
131,4
131,5
132,1
132,3
132,4
132,6
132,7
133,1
133,3
133,4
134,1
134,2
134,4
134,6
134,7
135,1
135,2
135,4
135,5
136,1
136,3
136,4
137,0
137,1
137,3
137,5
137,6
138,1
138,2
138,4
138,5
139,1
139,3
139,4
140,1
140,2
140,4
140,6
141,0
141,2
141,3
141,5
142,0
142,2
142,4
143,2
143,5
144,0
144,2
144,4
144,5
145,1
145,2
146,0
146,2
146,3
146,5
147,0
147,2
147,3
147,5
148,1
148,2
148,4
148,5
149,0
149,2
149,3
149,5
150,0
150,2
150,3
151,0
151,2
151,3
152,1
152,2
152,4
152,6
152,7
152,9
152,10
153,0
153,1
153,3
153,5
154,0
154,2
154,3
154,5
155,0
155,1
155,3
156,0
156,2
156,3
156,5
157,1
157,2
158,0
158,1
158,3
159,0
159,1
159,3
159,4
160,1
160,3
160,4
160,6
160,7
161,1
161,2
161,4
161,6
162,0
162,2
162,3
162,5
163,1
163,2
163,4
164,0
164,2
164,3
164,5
164,7
164,8
164,10
164,11
164,13
165,0
165,1
165,3
165,4
165,6
165,7
166,1
166,3
166,4
167,0
167,1
167,3
167,5
167,6
167,8
167,9
168,1
168,3
168,4
169,0
169,1
169,3
169,4
170,1
170,3
170,4
170,6
170,7
171,1
171,3
172,0
172,2
172,3
173,1
173,2
173,4
173,6
173,7
174,1
174,2
174,4
175,0
175,1
175,3
175,4
175,6
176,0
176,2
176,4
176,5
177,1
177,2
177,4
178,0
178,1
178,3
178,4
178,6
178,7
179,1
179,3
179,4
180,0
180,1
180,3
180,5
181,0
181,2
181,3
181,5
181,7
182,0
182,2
182,3
182,5
182,6
183,1
183,3
183,4
184,1
184,2
184,4
184,6
185,0
185,2
185,3
185,5
185,6
186,1
186,3
186,4
187,1
187,2
187,4
187,6
187,7
188,1
188,2
188,4
188,5
189,0
189,2
189,3
189,5
189,6
190,0
190,2
190,3
191,0
191,1
191,3
191,5
192,0
192,2
192,3
193,0
193,1
193,3
193,5
193,6
194,1
194,2
194,4
194,6
195,0
195,2
195,3
195,5
195,6
196,1
196,3
196,4
197,1
197,2
197,4
197,6
198,0
198,2
198,3
199,0
199,1
199,3
199,5
199,6
200,1
200,2
200,4
200,6
201,0
201,2
201,3
202,0
202,1
202,3
202,5
203,0
203,2
203,3
204,0
204,2
204,3
204,5
204,6
205,0
205,2
205,3
205,5
206,0
206,2
206,3
206,5
206,7
207,0
207,2
207,3
207,5
207,7
207,8
208,1
208,2
208,4
208,5
208,7
209,1
209,2
209,4
209,5
210,1
210,3
210,4
210,6
211,0
211,2
211,3
211,5
212,0
212,1
212,3
212,4
212,6
213,1
213,2
213,4
213,5
214,1
214,3
214,4
215,0
215,1
215,3
215,4
216,0
216,2
216,3
216,5
217,0
217,2
217,4
217,5
217,7
218,0
218,2
218,3
218,5
219,1
219,2
219,4
219,5
220,0
220,2
220,3
220,5
220,6
220,8
221,0
221,2
221,4
221,5
222,1
222,2
223,0
223,2
223,3
223,5
224,0
224,2
224,4
224,5
225,0
225,1
225,3
225,4
225,6
226,1
226,2
226,4
226,5
227,1
227,3
227,4
228,0
228,1
228,3
228,4
228,6
229,1
229,2
229,4
229,5
230,1
230,3
230,4
231,0
231,1
231,3
231,4
231,6
232,1
232,2
232,4
232,5
233,1
233,3
233,4
233,6
234,0
234,2
234,3
234,5
235,1
235,2
235,4
235,5
236,0
236,2
236,3
236,5
237,0
237,2
237,4
237,5
238,0
238,1
238,3
238,4
239,0
239,2
239,3
239,5
240,0
240,2
240,4
240,5
240,7
240,8
241,0
241,1
241,3
242,0
242,1
242,3
242,4
243,0
243,2
243,3
243,5
244,0
244,2
244,3
244,5
245,1
245,2
245,4
246,0
246,2
246,4
246,5
246,7
246,8
247,1
247,3
247,4
248,1
248,2
248,4
249,0
249,2
249,4
249,5
249,7
250,0
250,2
250,4
251,0
251,2
251,3
251,5
251,6
252,1
252,3
252,4
252,6
253,0
253,2
253,4
253,5
254,0
254,1
254,3
254,4
254,6
255,1
255,2
255,4
255,5
256,0
256,2
256,3
256,5
256,6
257,0
257,1
257,3
258,1
258,2
258,4
259,0
259,2
259,4
260,0
260,2
260,3
261,0
261,2
261,3
261,5
262,0
262,2
262,3
262,5
263,1
263,2
263,4
264,0
264,2
264,4
265,0
265,2
265,3
265,5
266,0
266,2
266,4
266,5
267,0
267,1
267,3
267,5
268,0
268,2
268,3
269,0
269,1
269,3
270,0
270,1
270,3
270,4
271,1
271,3
271,4
271,6
272,0
272,2
272,4
273,0
273,2
273,3
274,0
274,1
274,3
275,0
275,1
275,3
275,4
276,1
276,3
276,4
277,1
277,2
277,4
278,0
278,2
278,4
279,0
279,2
279,3
280,0
280,2
280,3
281,0
281,1
281,3
281,4
282,1
282,3
282,4
283,1
283,2
283,4
284,1
284,2
284,4
285,0
285,2
285,3
285,5
286,1
286,2
286,4
287,0
287,2
287,4
287,5
288,1
288,2
288,4
289,1
289,2
289,4
290,0
290,2
290,3
291,0
291,2
291,3
291,5
292,0
292,2
292,4
292,5
292,7
292,8
293,1
293,2
293,4
293,6
293,7
294,1
294,2
294,4
294,6
294,7
295,1
295,2
295,4
295,5
296,1
296,3
296,4
296,6
297,0
297,2
297,4
297,5
298,0
298,1
298,3
299,1
299,2
299,4
299,5
299,7
299,8
300,1
300,3
300,4
300,6
300,7
301,1
301,3
301,4
302,1
302,2
302,4
303,0
303,2
303,4
304,0
304,2
304,3
304,5
304,7
305,0
305,2
305,3
305,5
305,6
306,0
306,2
306,3
306,5
306,6
306,8
307,1
307,2
307,4
308,0
308,2
308,4
309,0
309,2
309,3
309,5
309,6
310,1
310,3
310,4
311,1
311,2
311,4
312,0
312,1
312,3
312,4
313,0
313,1
313,3
313,5
314,0
314,2
314,3
315,0
315,2
315,3
316,0
316,1
316,3
316,4
317,0
317,2
317,3
317,5
317,6
318,1
318,3
318,4
319,0
319,1
319,3
319,4
319,6
320,1
320,2
320,4
320,5
321,0
321,2
321,3
321,5
322,0
322,2
322,4
323,0
323,2
323,3
324,0
324,1
324,3
324,5
324,6
325,0
325,1
325,3
325,5
325,6
325,8
325,9
326,1
326,2
326,4
326,6
327,0
327,2
327,3
327,5
328,0
328,1
328,3
328,4
328,6
329,0
329,2
329,4
329,5
329,7
330,0
330,2
330,4
331,0
331,2
331,3
331,5
331,7
332,0
332,2
332,3
332,5
332,6
333,1
333,3
333,4
334,1
334,2
334,4
334,6
335,0
335,2
335,3
336,0
336,1
336,3
337,0
337,1
337,3
337,4
338,0
338,2
338,3
339,1
339,2
339,4
340,0
340,2
340,4
340,5
340,7
340,8
341,1
341,3
341,4
342,0
342,1
342,3
342,4
343,1
343,3
343,4
344,1
344,2
344,4
345,1
345,2
345,4
346,0
346,2
346,4
346,5
347,1
347,2
347,4
347,5
347,7
348,1
348,2
348,4
348,5
349,1
349,3
349,4
350,0
350,1
350,3
350,4
350,6
351,1
351,2
351,4
351,5
352,0
352,2
352,3
353,0
353,1
353,3
353,4
354,1
354,3
354,4
354,6
355,0
355,2
355,4
356,0
356,2
356,3
356,5
356,7
357,0
357,2
357,3
358,0
358,1
358,3
358,5
359,0
359,2
359,3
360,0
360,2
360,3
361,0
361,1
361,3
361,4
362,0
362,2
362,3
362,5
363,0
363,2
363,4
364,0
364,2
364,3
364,5
364,6
365,1
365,3
365,4
365,6
365,7
366,0
366,2
366,3
366,5
367,0
367,2
367,3
368,0
368,2
368,3
369,0
369,1
369,3
369,5
370,0
370,2
370,3
371,0
371,2
371,3
372,0
372,1
372,3
372,4
373,1
373,3
373,4
373,6
373,7
374,1
374,3
374,4
375,0
375,1
375,3
375,4
375,6
376,1
376,2
376,4
376,5
377,1
377,3
377,4
377,6
378,0
378,2
378,3
378,5
379,1
379,2
379,4
379,5
380,0
380,2
380,3
380,5
381,0
381,2
381,4
382,0
382,2
382,3
383,1
383,2
383,4
383,6
384,0
384,2
384,3
384,5
385,1
385,2
385,4
386,0
386,2
386,3
387,0
387,2
387,3
387,5
388,0
388,2
388,4
388,5
389,1
389,2
389,4
390,0
390,2
390,4
391,0
391,2
391,3
391,5
392,1
392,2
393,0
393,1
393,3
394,0
394,1
394,3
394,4
394,6
395,0
395,2
395,4
395,5
396,0
396,1
396,3
396,5
397,0
397,2
397,3
397,5
397,6
398,1
398,3
398,4
399,0
399,1
399,3
399,5
399,6
399,8
400,0
400,2
400,3
400,5
401,0
401,1
401,3
401,4
401,6
402,1
402,2
402,4
402,5
403,0
403,1
403,3
404,0
404,1
404,3
404,4
405,0
405,2
405,3
406,0
406,1
406,3
407,0
407,1
407,3
407,4
407,6
408,0
408,2
408,4
408,5
409,1
409,2
409,4
410,1
410,2
410,4
410,5
411,1
411,2
411,4
411,6
412,0
412,2
412,3
412,5
413,1
413,2
413,4
413,5
414,0
414,1
414,3
414,5
415,0
415,2
415,3
415,5
416,0
416,1
416,3
416,4
416,6
416,8
417,0
417,2
417,3
418,0
418,1
418,3
418,5
418,6
419,1
419,2
419,4
420,0
420,1
420,3
420,4
421,1
421,2
421,4
422,1
422,2
422,4
422,5
422,7
423,1
423,2
424,0
424,1
424,3
424,4
425,1
425,3
425,4
426,1
426,2
426,4
426,6
427,0
427,2
427,3
428,0
428,1
428,3
429,0
429,1
429,3
429,4
430,1
430,3
430,4
430,6
430,7
431,1
431,3
431,4
432,1
432,2
432,4
432,5
433,1
433,3
433,4
434,1
434,2
434,4
436,0
436,1
436,3
436,4
436,6
436,7
436,9
437,1
437,2
438,0
438,1
438,3
439,1
439,2
440,0
440,1
440,3
441,0
441,2
442,0
442,1
442,3
443,0
443,2
444,0
444,1
444,3
445,0
445,2
446,0
446,1
446,3
447,0
447,2
447,3
448,1
448,3
448,4
448,6
449,0
449,2
449,4
450,0
450,2
450,3
450,5
450,6
450,8
450,10
450,11
451,1
451,2
451,4
451,6
452,0
452,2
452,3
452,5
452,6
453,1
453,3
453,4
454,1
454,2
454,4
455,0
455,1
455,3
455,4
455,6
456,0
456,2
456,4
456,5
457,1
457,2
457,4
458,0
458,1
458,3
458,4
459,1
459,3
459,4
460,0
460,1
460,3
461,0
461,2
461,4
461,5
461,7
462,0
462,2
463,0
463,1
463,3
464,0
464,2
464,3
464,5
465,0
465,1
465,3
465,4
465,6
466,1
466,2
466,4
467,0
467,2
467,3
467,5
467,7
468,0
468,2
468,3
468,5
469,1
469,2
469,4
469,5
470,1
470,3
470,4
471,0
471,1
471,3
471,4
471,6
472,1
472,2
472,4
473,0
473,2
473,4
473,5
474,1
474,2
474,4
474,5
474,7
475,1
475,2
475,4
475,5
476,1
476,3
476,4
477,0
477,1
477,3
478,0
478,2
478,4
478,5
479,1
479,2
479,4
480,1
480,2
480,4
480,5
481,1
481,3
481,4
482,0
482,1
482,3
482,4
483,0
483,2
483,3
483,5
484,0
484,2
484,4
484,5
485,1
485,2
485,4
486,0
486,2
486,4
486,5
487,1
487,2
487,4
488,0
488,1
488,3
488,4
489,0
489,1
489,3
490,0
490,1
490,3
491,0
491,2
491,4
491,5
491,7
492,0
492,2
492,3
493,0
493,2
493,3
494,0
494,1
494,3
495,0
495,1
495,3
495,4
496,1
496,3
496,4
497,0
497,1
497,3
497,4
498,1
498,3
498,4
499,1
499,2
499,4
500,1
500,2
500,4
501,0
501,2
501,3
502,0
502,2
502,3
503,2
503,4
503,6
503,8
503,9
503,11
503,12
503,14
503,15
503,17
503,19
503,20
503,22
503,23
503,25
503,27
503,28
503,30
503,31
503,33
503,35
503,36
503,38
503,39
503,41
503,42
503,44
503,46
503,47
503,49
503,50
503,52
503,54
503,55
503,57
503,58
503,56
503,53
503,51
503,48
503,45
503,43
503,37
503,34
503,32
503,29
503,26
503,24
503,21
503,18
503,16
503,13
503,10
503,7
503,5
502,4
502,1
501,4
501,1
500,3
500,0
499,3
499,0
498,2
498,0
497,2
496,5
496,2
496,0
495,2
494,4
494,2
493,4
493,1
492,4
492,1
491,6
491,3
491,1
490,2
489,4
489,2
488,5
488,2
487,5
487,3
487,0
486,3
486,1
485,3
485,0
484,3
484,1
483,4
483,1
482,5
482,2
481,5
481,2
481,0
480,3
480,0
479,3
479,0
478,3
478,1
477,2
476,5
476,2
476,0
475,3
475,0
474,6
474,3
474,0
473,3
473,1
472,3
472,0
471,5
471,2
470,5
470,2
470,0
469,3
469,0
468,4
468,1
467,6
467,4
467,1
466,3
466,0
465,5
465,2
464,6
464,4
464,1
463,2
462,3
462,1
461,6
461,3
461,1
460,2
459,5
459,2
459,0
458,2
457,5
457,3
457,0
456,3
456,1
455,5
455,2
454,5
454,3
454,0
453,2
453,0
452,4
452,1
451,5
451,3
451,0
450,9
450,7
450,4
450,1
449,3
449,1
448,5
448,2
448,0
447,1
446,2
445,3
445,1
444,2
443,3
443,1
442,2
441,3
441,1
440,2
439,3
439,0
438,2
437,3
437,0
436,8
436,5
436,2
434,5
434,3
434,0
433,2
433,0
432,3
432,0
431,2
431,0
430,5
430,2
430,0
429,2
428,4
428,2
427,4
427,1
426,5
426,3
426,0
425,2
425,0
424,2
423,3
423,0
422,6
422,3
422,0
421,3
421,0
420,2
419,5
419,3
419,0
418,4
418,2
417,4
417,1
416,7
416,5
416,2
415,6
415,4
415,1
414,4
414,2
413,6
413,3
413,0
412,4
412,1
411,5
411,3
411,0
410,3
410,0
409,3
409,0
408,3
408,1
407,5
407,2
406,4
406,2
405,4
405,1
404,5
404,2
403,4
403,2
402,6
402,3
402,0
401,5
401,2
400,6
400,4
400,1
399,7
399,4
399,2
398,5
398,2
398,0
397,4
397,1
396,4
396,2
395,6
395,3
395,1
394,5
394,2
393,4
393,2
392,3
392,0
391,4
391,1
390,3
390,1
389,3
389,0
388,3
388,1
387,4
387,1
386,4
386,1
385,3
385,0
384,4
384,1
383,5
383,3
383,0
382,1
381,3
381,1
380,4
380,1
379,6
379,3
379,0
378,4
378,1
377,5
377,2
377,0
376,3
376,0
375,5
375,2
374,5
374,2
374,0
373,5
373,2
373,0
372,2
371,4
371,1
370,4
370,1
369,4
369,2
368,4
368,1
367,4
367,1
366,4
366,1
365,8
365,5
365,2
365,0
364,4
364,1
363,3
363,1
362,4
362,1
361,5
361,2
360,4
360,1
359,4
359,1
358,4
358,2
357,4
357,1
356,6
356,4
356,1
355,3
355,1
354,5
354,2
354,0
353,2
352,4
352,1
351,6
351,3
351,0
350,5
350,2
349,5
349,2
349,0
348,3
348,0
347,6
347,3
347,0
346,3
346,1
345,3
345,0
344,3
344,0
343,2
343,0
342,2
341,5
341,2
341,0
340,6
340,3
340,1
339,3
339,0
338,1
337,5
337,2
336,4
336,2
335,4
335,1
334,5
334,3
334,0
333,2
333,0
332,4
332,1
331,6
331,4
331,1
330,3
330,1
329,6
329,3
329,1
328,5
328,2
327,6
327,4
327,1
326,5
326,3
326,0
325,7
325,4
325,2
324,7
324,4
324,2
323,4
323,1
322,3
322,1
321,4
321,1
320,6
320,3
320,0
319,5
319,2
318,5
318,2
318,0
317,4
317,1
316,5
316,2
315,4
315,1
314,4
314,1
313,4
313,2
312,5
312,2
311,5
311,3
311,0
310,2
310,0
309,4
309,1
308,3
308,1
307,3
307,0
306,7
306,4
306,1
305,7
305,4
305,1
304,6
304,4
304,1
303,3
303,1
302,3
302,0
301,2
301,0
300,5
300,2
300,0
299,6
299,3
299,0
298,2
297,6
297,3
297,1
296,5
296,2
296,0
295,3
295,0
294,5
294,3
294,0
293,5
293,3
293,0
292,6
292,3
292,1
291,4
291,1
290,4
290,1
289,3
289,0
288,3
288,0
287,3
287,1
286,3
286,0
285,4
285,1
284,3
284,0
283,3
283,0
282,2
282,0
281,2
280,4
280,1
279,4
279,1
278,3
278,1
277,3
277,0
276,2
276,0
275,2
274,4
274,2
273,4
273,1
272,3
272,1
271,5
271,2
271,0
270,2
269,4
269,2
268,4
268,1
267,4
267,2
266,6
266,3
266,1
265,4
265,1
264,3
264,1
263,3
263,0
262,4
262,1
261,4
261,1
260,4
260,1
259,3
259,1
258,3
258,0
257,2
256,7
256,4
256,1
255,6
255,3
255,0
254,5
254,2
253,6
253,3
253,1
252,5
252,2
252,0
251,4
251,1
250,3
250,1
249,6
249,3
249,1
248,3
248,0
247,2
247,0
246,6
246,3
246,1
245,3
245,0
244,4
244,1
243,4
243,1
242,5
242,2
241,4
241,2
240,9
240,6
240,3
240,1
239,4
239,1
238,5
238,2
237,6
237,3
237,1
236,4
236,1
235,6
235,3
235,0
234,4
234,1
233,5
233,2
233,0
232,3
232,0
231,5
231,2
230,5
230,2
230,0
229,3
229,0
228,5
228,2
227,5
227,2
227,0
226,3
226,0
225,5
225,2
224,6
224,3
224,1
223,4
223,1
222,3
222,0
221,3
221,1
220,7
220,4
220,1
219,6
219,3
219,0
218,4
218,1
217,6
217,3
217,1
216,4
216,1
215,5
215,2
214,5
214,2
214,0
213,3
213,0
212,5
212,2
211,6
211,4
211,1
210,5
210,2
210,0
209,3
209,0
208,6
208,3
208,0
207,6
207,4
207,1
206,6
206,4
206,1
205,4
205,1
204,7
204,4
204,1
203,4
203,1
202,4
202,2
201,4
201,1
200,5
200,3
200,0
199,4
199,2
198,4
198,1
197,5
197,3
197,0
196,2
196,0
195,4
195,1
194,5
194,3
194,0
193,4
193,2
192,4
192,1
191,4
191,2
190,4
190,1
189,7
189,4
189,1
188,6
188,3
188,0
187,5
187,3
187,0
186,2
186,0
185,4
185,1
184,5
184,3
184,0
183,2
183,0
182,4
182,1
181,6
181,4
181,1
180,4
180,2
179,5
179,2
179,0
178,5
178,2
177,5
177,3
177,0
176,3
176,1
175,5
175,2
174,5
174,3
174,0
173,5
173,3
173,0
172,1
171,2
171,0
170,5
170,2
170,0
169,2
168,5
168,2
168,0
167,7
167,4
167,2
166,5
166,2
166,0
165,5
165,2
164,14
164,12
164,9
164,6
164,4
164,1
163,3
163,0
162,4
162,1
161,5
161,3
161,0
160,5
160,2
160,0
159,2
158,4
158,2
157,3
157,0
156,4
156,1
155,2
154,6
154,4
154,1
153,4
153,2
152,11
152,8
152,5
152,3
152,0
151,1
150,4
150,1
149,4
149,1
148,6
148,3
148,0
147,4
147,1
146,4
146,1
145,3
145,0
144,3
144,1
143,4
142,3
142,1
141,4
141,1
140,5
140,3
140,0
139,2
139,0
138,3
138,0
137,4
137,2
136,5
136,2
136,0
135,3
135,0
134,5
134,3
134,0
133,2
133,0
132,5
132,2
132,0
131,3
131,0
130,1
129,7
129,4
129,1
128,4
128,1
127,11
127,8
127,6
127,3
127,0
126,10
126,7
126,4
126,1
125,9
125,6
125,3
125,1
124,8
124,5
124,3
124,0
123,7
123,4
123,2
122,12
122,9
122,7
122,4
122,1
121,4
121,2
120,6
120,3
120,1
119,6
119,3
119,0
118,4
118,1
117,3
117,1
116,3
116,0
115,2
115,0
114,4
114,1
113,4
113,1
112,3
112,1
111,2
110,3
110,0
109,3
109,0
108,2
108,0
107,2
106,5
106,2
106,0
105,1
104,3
104,1
103,3
103,0
102,2
102,0
101,2
100,6
100,4
100,1
99,6
99,4
99,1
98,3
98,0
97,3
97,0
96,2
96,0
95,4
95,1
94,5
94,3
94,0
93,3
93,1
92,5
92,2
91,7
91,5
91,2
90,7
90,5
90,2
89,4
89,1
88,3
88,0
87,1
86,5
86,2
85,6
85,4
85,1
84,40
84,37
84,35
84,32
84,29
84,27
84,24
84,21
84,18
84,16
84,13
84,10
84,8
84,5
84,2
83,10
83,8
83,5
83,2
83,0
82,4
82,1
81,6
81,3
81,0
80,4
80,2
79,6
79,3
79,1
78,10
78,7
78,4
78,2
77,3
77,0
76,5
76,2
75,5
75,2
75,0
74,8
74,5
74,3
74,0
73,5
73,2
73,0
72,5
72,2
72,0
71,5
71,2
71,0
70,4
70,1
69,5
69,3
69,0
68,4
68,2
67,9
67,6
67,3
67,1
66,4
66,1
65,4
65,1
64,5
64,2
64,0
63,2
62,16
62,14
62,11
62,8
62,6
62,3
62,0
61,6
61,4
61,1
60,3
60,1
59,3
59,0
58,4
58,2
57,6
57,3
57,1
56,5
56,2
55,5
55,3
55,0
54,4
54,2
53,5
53,2
53,0
52,3
52,0
51,5
51,3
51,0
50,4
50,2
49,7
49,4
49,1
48,6
48,3
48,0
47,3
47,0
46,1
45,7
45,5
45,2
44,4
44,2
43,15
43,12
43,9
43,7
43,4
43,1
42,5
42,2
41,5
41,3
41,0
40,3
40,0
39,3
39,0
38,2
38,0
37,3
37,0
36,7
36,5
36,2
35,7
35,5
35,2
34,6
34,3
34,1
33,6
33,3
33,1
32,7
32,4
32,2
31,4
31,1
30,5
30,3
30,0
29,2
29,0
28,6
28,3
28,0
27,24
27,21
27,18
27,16
27,13
27,10
27,7
27,5
27,2
26,21
26,19
26,16
26,13
26,10
26,8
26,5
26,2
26,0
25,21
25,18
25,16
25,13
25,10
25,7
25,5
25,2
24,9
24,7
24,4
24,1
4,2
4,0
3,4
3,1
2,130
2,127
2,124
2,121
2,119
2,116
2,113
2,111
2,108
2,105
2,103
2,100
2,97
2,94
2,92
2,89
2,86
2,84
2,81
2,77
2,74
2,72
2,68
2,65
2,35
2,31
2,28
2,25
2,23
2,20
2,17
2,15
2,11
2,8
0,275
0,400
0,274
0,347
0,273
0,403
0,272
0,359
0,271
0,313
0,270
0,485
0,269
0,358
0,268
0,357
0,267
0,402
0,266
0,312
0,265
0,499
0,264
0,484
0,263
0,437
0,262
0,301
0,261
0,481
0,260
0,410
0,259
0,317
0,258
0,323
0,257
0,416
0,256
0,475
0,255
0,409
0,254
0,386
0,253
0,479
0,252
0,401
0,251
0,398
0,250
0,316
0,249
0,391
0,248
0,377
0,247
0,350
0,246
0,488
0,245
0,321
0,244
0,396
0,242
0,397
0,241
0,417
0,240
0,392
0,239
0,423
0,238
0,320
0,237
0,429
0,236
0,408
0,235
0,372
0,234
0,471
0,233
0,384
0,232
0,498
0,231
0,230
0,470
0,229
0,495
0,228
0,385
0,227
0,311
0,226
0,494
0,225
0,334
0,224
0,493
0,223
0,371
0,222
0,330
0,221
0,319
0,220
0,505
0,219
0,469
0,218
0,441
0,217
0,315
0,216
0,338
0,215
0,466
0,214
0,492
0,213
0,309
0,212
0,394
0,211
0,318
0,210
0,497
0,209
0,511
0,208
0,439
0,207
0,390
0,206
0,306
0,205
0,432
0,204
0,486
0,203
0,504
0,202
0,407
0,201
0,442
0,200
0,465
0,199
0,198
0,426
0,197
0,419
0,196
0,415
0,195
0,344
0,194
0,418
0,193
0,192
0,478
0,63
0,62
0,473
0,61
0,490
0,60
0,508
0,59
0,381
0,58
0,57
0,395
0,56
0,404
0,55
0,378
0,54
0,382
0,53
0,380
0,52
0,335
0,51
0,355
0,50
0,363
0,49
0,421
0,48
0,314
0,47
0,349
0,46
0,427
0,45
0,333
0,6
0,5
0,1
0,430
0,11
0,4
0,2
0,3
0,7
